1.093646304660703, 0.01007889612450498
1.0966948482716425, 0.03657126069672064
1.0129832919158155, 0.03956121531295784
0.6948606198007153, 0.06339394541558165
0.6106623760696247, 0.06750742394912657
0.4399167618106881, 0.07655244116259952
0.28982555817332695, 0.09390662790414755
0.2007058797725428, 0.1226696712449538
0.1460670628859262, 0.15528384633640385
0.12595473787686948, 0.25277282107975657
0.13922137210759475, 0.3461378938224685
0.1786940409965006, 0.5374962351553468
0.24113482215666582, 0.9766997850724508
0.2945267809946657, 1.6150691673946331
0.335523222153356, 2.588029862840667
0.4097589725224452, 4.018792315353746
0.5418840133900736, 6.339394541558162
0.6051935747329292, 10.482812447082642
