1.0405522074135631, 0.009921721462816615
1.0019368329621803, 0.02468831600207554
0.7511856416111427, 0.029812797511858558
0.4436961982564497, 0.040187923153537475
0.295237509425761, 0.04929839321261912
0.19449490025004867, 0.05860276247953263
0.13600749140625293, 0.06966319886777642
0.07874671852227608, 0.09100062363760524
0.05787424644349708, 0.10817569468286131
0.03814160364875977, 0.15528384633640385
0.028899538685186802, 0.24883097247387279
0.02864267276393212, 0.39873337969847694
0.030730913129736033, 0.5634472224146531
0.03643062470557066, 0.9171858329085948
0.04494034372355485, 1.4930055888520344
0.04915885249745198, 1.6406542385881655
0.05941704599188805, 2.1097552773845325
0.07180854838911434, 2.588029862840667
0.08592540429818411, 3.174727724467873
0.10915136623577262, 4.082455896812746
0.18144472701740094, 6.339394541558162
0.22162013308127956, 10.482812447082642
