0.9233870790709138, 0.00946475148048442
0.6268136034979426, 0.011981144153985457
0.3285575896797601, 0.01565089757038207
0.2343957069665514, 0.01950304348467281
0.15448203989783374, 0.02843969370085929
0.10698334015706033, 0.03773912345819719
0.023626103825716678, 0.07655244116259952
0.019369435432879435, 0.08680935969900963
0.014519943510835921, 0.09844055678571562
0.013422556289935578, 0.15528384633640385
0.009967802616445115, 0.22643773675474219
0.009690214264272365, 0.4739886235714039
0.010288557913234433, 0.5291142865891825
0.012684939266204199, 0.6697898570955088
0.015037124757576691, 1.073289111690041
0.016789956572358204, 1.5898830808576971
0.01930772634042246, 1.9812000380216073
0.02198106920397092, 2.355123315112466
0.027927375193300016, 3.276109143007967
0.034092519200120866, 4.2128246105630325
0.042873413221215864, 5.087268287441371
0.05667082388032756, 6.439819875620669
0.06082314584111896, 10.648875615262437
