1.030253789037146, 0.009921721462816615
1.023143806105031, 0.040187923153537475
0.8147271147738475, 0.06339394541558165
0.6231855666200836, 0.08151974239852187
0.4910798107984985, 0.10158414708856124
0.4189009287527037, 0.10988935680071092
0.23779385125403532, 0.15286228293183102
0.2050653663556687, 0.2567771143655656
0.2684400619926745, 0.3628498621769145
0.35166300695583075, 0.7245498308284106
0.39649950779683396, 0.9766997850724508
0.4471588388214873, 1.4697230145077937
0.5093834961426661, 2.318396504386915
0.5633229096404023, 4.018792315353746
0.7089420267056259, 6.857684084017936
0.8237654931748384, 10.482812447082642
